50 3 17
1 0.05 0.01
1 1 5 10 3 2 D 1
2 2 9 23 5 4 B  3
3 0 10 13 1 1 C 5
4 1 11 10 2 3 B 1
5 1 12 23 2 3 C 10
6 0 14 18 2 3 B 1
7 2 17 25 5 4 B 5
8 0 19 12 5 4 A 1
9 0 23 11 1 5 A 2
10 2 23 16 5 3 C 5
11 1 23 13 2 5 C 4
12 1 25 26 3 5 B 5
13 2 29 11 4 5 B 5
14 1 30 14 2 2 D 4
15 1 32 18 5 4 B 4
16 0 36 19 4 3 B 3
17 1 40 23 3 4 B 2
18 1 43 14 3 2 C 2
19 1 45 24 2 3 C 4
20 0 46 25 5 1 C 5
21 0 51 15 5 1 C 6
22 1 53 24 1 5 C 5
23 1 55 29 2 5 D 4
24 0 60 29 4 1 A 2
25 2 64 17 5 1 A 2
26 2 66 11 2 3 B 4
27 1 67 27 3 4 B 5
28 0 69 16 4 4 B 2
29 0 74 10 3 2 A 3
30 2 74 14 3 4 C 4
31 2 79 19 4 4 B 5
32 1 80 18 4 1 A 2
33 0 80 23 3 2 B 3
34 0 82 21 5 5 A 4
35 0 86 21 4 4 A 2
36 2 89 11 2 2 A 3
37 2 93 12 1 1 A 2
38 0 94 25 1 4 A 4
39 0 98 26 1 2 C 5
40 0 99 22 5 2 A 4
41 0 100 17 1 3 A 2
42 1 104 29 3 5 B 2
43 2 107 29 4 5 D 2
44 2 108 14 2 5 B 4
45 2 112 11 2 2 C 4
46 2 113 24 1 1 B 1
47 2 117 18 2 4 A 5
48 2 118 21 2 4 A 1
49 2 123 14 2 4 C 5
50 1 126 19 3 3 D 1
51 2 131 26 2 4 B 4
52 1 136 10 3 5 C 1
53 2 137 14 2 3 D 1
54 1 142 26 5 1 D 1
55 0 145 21 4 2 A 5
56 1 147 28 4 2 A 1
57 1 150 28 4 3 A 1
58 1 151 17 4 5 C 1
59 1 155 27 3 2 C 1
60 2 158 28 5 5 A 1
61 0 162 18 4 1 B 5
62 0 162 27 4 3 C 1
63 1 164 20 4 5 C 1
64 2 169 18 1 3 C 1
65 0 173 25 5 4 A 5
66 0 174 23 5 5 A 4
67 2 174 14 1 5 B 1
68 2 174 13 5 5 A 2
69 0 174 29 3 1 B 3
70 2 178 28 4 5 A 1
71 1 183 15 1 5 C 5
72 1 187 12 2 2 D 1
73 2 189 27 1 2 C 1
74 0 191 16 1 3 C 3
75 1 194 22 3 1 B 1
76 1 197 12 5 1 B 2
77 0 201 19 5 3 D 4
78 1 205 24 1 5 C 1
79 2 206 22 5 2 C 1
80 0 210 29 2 1 B 5
81 1 211 25 3 2 B 1
82 2 216 25 5 2 D 1
83 2 220 11 2 5 B 1
84 0 225 20 1 5 A 5
85 1 226 25 5 2 C 1
86 2 226 11 3 4 B 1
87 1 229 23 4 3 C 1
88 2 229 28 2 3 C 1
89 0 232 18 2 1 B 2
90 0 233 10 1 4 D 2
91 0 234 29 2 2 A 1
92 0 236 29 5 1 B 2
93 1 241 23 3 5 B 1
94 2 245 13 1 1 C 1
95 1 246 14 3 1 C 1
96 0 246 22 5 2 B 3
97 2 249 28 2 2 B 1
98 1 249 15 4 5 D 1
99 1 251 20 4 5 C 5
100 1 252 17 1 2 C 4
-1 