
200 5 30
20 0.03 0.01
1 0 1 10 2 4 B 1
2 0 2 10 2 4 B 1
3 0 3 10 2 4 B 1
4 0 4 10 2 4 B 1
5 0 5 10 2 4 B 1
6 0 6 10 2 4 B 1
7 0 7 10 2 4 B 1
8 0 8 10 2 4 B 1
9 0 9 10 2 4 B 1 
10 0 10 10 2 4 B 1
11 0 11 10 2 4 B 1
12 0 12 10 2 4 B 1 
13 0 13 10 2 4 B 1
14 0 14 10 2 4 B 1
15 0 15 10 2 4 B 1
16 0 16 10 2 4 B 1 
17 0 17 10 2 4 B 1
18 0 18 10 2 4 B 1
19 0 19 10 2 4 B 1
20 0 20 10 2 4 B 1
21 0 21 10 2 4 B 1
22 0 22 10 2 4 B 1
23 2 23 15 100 4 B 2
24 2 24 15 100 4 B 2
25 2 26 15 100 4 B 2
26 2 27 15 100 4 B 2
27 2 28 15 100 4 B 3
28 2 29 15 100 4 B 3
29 2 30 15 100 4 B 3
30 2 30 15 100 4 B 3 
31 2 30 15 100 4 B 3
32 1 30 15 100 3 D 4
33 1 31 15 100 3 D 4 
34 1 32 15 100 3 D 2
35 1 33 15 100 3 D 3 
36 1 34 15 100 3 D 3
37 1 35 15 100 3 D 3 
38 1 36 15 100 3 D 4
39 1 37 15 100 3 D 4
40 1 38 15 100 3 D 3 
42 1 39 15 100 3 D 4
43 1 40 15 100 3 D 4
44 1 41 15 100 3 D 3
45 1 42 15 100 3 D 2
46 1 43 15 100 3 D 2
47 1 44 15 100 3 D 2
48 1 45 15 100 3 D 2
49 1 46 15 100 3 D 2
50 1 47 15 100 3 D 3
51 1 48 15 100 3 D 3
52 1 49 15 100 3 D 4
53 1 50 15 100 3 D 2
54 2 66 15 100 4 B 2 
-1

